15237
15238
15249
15267
15268
15269
15273
15276
15294
15296
15298
15327
15328
15329
15347
15348
15349
15367
15368
15372
15374
15376
15378
15382
15384
15386
15387
15389
15429
15437
15438
15473
15476
15483
15486
15489
15492
15496
15498
15627
15628
15629
15637
15638
15672
15673
15674
15678
15682
15683
15684
15687
15689
15692
15694
15698
15723
15726
15729
15732
15734
15736
15738
15743
15746
15749
15762
15763
15764
15768
15769
15783
15786
15832
15834
15836
15837
15843
15846
15849
15862
15863
15864
15867
15869
15873
15876
15892
15894
15896
15923
15924
15926
15927
15928
15942
15943
15946
15947
15948
15962
15964
15967
15968
15982
15983
15984
15986
35127
35128
35129
35148
35149
35167
35168
35169
35182
35184
35186
35187
35189
35192
35194
35196
35198
35218
35219
35247
35248
35249
35267
35274
35276
35278
35291
35294
35418
35419
35427
35428
35429
35472
35476
35478
35481
35482
35486
35487
35489
35491
35492
35496
35498
35618
35619
35627
35672
35674
35678
35681
35684
35687
35691
35694
35721
35724
35726
35728
35729
35742
35746
35748
35749
35761
35762
35764
35768
35769
35781
35782
35784
35786
35812
35814
35816
35819
35841
35842
35846
35847
35849
35861
35864
35867
35872
35874
35876
35891
35894
35912
35914
35916
35918
35921
35924
35927
35941
35942
35946
35947
35948
35961
35964
35967
35981
35984
51249
51267
51268
51269
51273
51276
51283
51286
51289
51294
51296
51298
51372
51382
51429
51437
51438
51467
51468
51469
51483
51486
51489
51492
51496
51498
51627
51628
51629
51637
51638
51647
51648
51649
51672
51673
51674
51678
51682
51683
51684
51687
51689
51692
51694
51698
51734
51764
51823
51826
51829
51832
51834
51836
51837
51843
51846
51849
51862
51863
51864
51867
51869
51873
51876
51892
51894
51896
51923
51924
51926
51927
51928
51942
51943
51946
51947
51948
51962
51964
51967
51968
51982
51983
51984
51986
53182
53192
53247
53248
53249
53267
53274
53276
53278
53281
53284
53287
53291
53294
53418
53419
53427
53428
53429
53467
53468
53469
53472
53476
53478
53481
53482
53486
53487
53489
53491
53492
53496
53498
53618
53619
53627
53647
53648
53649
53672
53674
53678
53681
53684
53687
53721
53724
53726
53728
53729
53742
53746
53748
53749
53761
53762
53764
53768
53769
53781
53782
53784
53786
53812
53814
53816
53819
53821
53824
53827
53841
53842
53846
53847
53849
53861
53864
53867
53872
53874
53876
53891
53894
53916
53946
57164
57194
57216
57219
57234
57236
57238
57243
57246
57249
57261
57263
57264
57268
57269
57283
57286
57289
57291
57294
57296
57298
57324
57326
57328
57329
57341
57342
57346
57348
57349
57361
57362
57364
57368
57381
57382
57384
57386
57389
57423
57426
57429
57432
57436
57438
57461
57462
57463
57483
57491
57492
57612
57614
57618
57619
57621
57623
57624
57628
57629
57632
57634
57638
57641
57642
57643
57681
57682
57683
57691
57692
57816
57819
57823
57826
57829
57832
57834
57836
57843
57861
57862
57863
57918
57928
59124
59126
59127
59128
59142
59143
59146
59148
59162
59163
59164
59167
59168
59182
59183
59184
59186
59187
59214
59216
59218
59234
59237
59241
59243
59246
59247
59248
59261
59264
59267
59273
59274
59276
59278
59281
59284
59287
59346
59376
59412
59416
59418
59421
59423
59426
59427
59428
59432
59436
59437
59438
59461
59462
59463
59472
59473
59481
59482
59483
59612
59614
59618
59621
59624
59627
59641
59642
59643
59672
59673
59681
59728
59738
59812
59814
59816
59821
59824
59827
59834
59837
59841
59842
59843
59861
75126
75129
75143
75146
75149
75162
75163
75164
75168
75169
75183
75186
75189
75192
75194
75196
75198
75216
75219
75234
75236
75238
75243
75246
75249
75261
75263
75264
75268
75269
75291
75294
75296
75298
75324
75326
75328
75329
75341
75342
75346
75348
75349
75361
75362
75364
75368
75381
75382
75384
75386
75389
75416
75419
75423
75426
75429
75432
75436
75438
75483
75491
75492
75612
75614
75618
75619
75621
75623
75624
75628
75629
75632
75634
75638
75681
75682
75683
75691
75692
75816
75819
75832
75834
75836
75843
75861
75862
75863
75891
75892
75912
75914
75916
75918
75921
75923
75924
75926
75928
75941
75942
75943
75961
75962
75981
75982
75983
95124
95126
95127
95128
95142
95143
95146
95148
95162
95163
95164
95167
95168
95182
95183
95184
95186
95187
95214
95216
95218
95234
95237
95241
95243
95246
95247
95248
95261
95264
95267
95273
95274
95276
95278
95324
95327
95341
95342
95346
95347
95348
95361
95364
95367
95372
95374
95376
95378
95381
95384
95387
95412
95416
95418
95421
95423
95426
95427
95428
95432
95436
95437
95438
95472
95473
95481
95482
95483
95612
95614
95618
95621
95624
95627
95634
95637
95672
95673
95681
95721
95723
95724
95726
95728
95732
95734
95736
95738
95742
95743
95761
95762
95763
95781
95782
95783
95812
95814
95816
95834
95837
95841
95842
95843
95861
95872
95873
152347
152348
152349
152367
152368
152374
152376
152378
152384
152386
152387
152389
152437
152438
152467
152468
152469
152473
152476
152483
152486
152489
152496
152498
152637
152638
152647
152648
152649
152673
152674
152678
152683
152684
152687
152689
152694
152698
152734
152736
152738
152743
152746
152749
152763
152764
152768
152769
152783
152786
152943
152946
152947
152948
152964
152967
152968
152983
152984
152986
153247
153248
153249
153267
153268
153269
153274
153276
153278
153284
153286
153287
153289
153294
153296
153298
153427
153428
153429
153467
153468
153469
153472
153476
153478
153482
153486
153487
153489
153492
153496
153498
153627
153628
153629
153647
153648
153649
153672
153674
153678
153682
153684
153687
153689
153724
153726
153728
153729
153742
153746
153748
153749
153762
153764
153768
153769
153782
153784
153786
153824
153826
153827
153829
153842
153846
153847
153849
153862
153864
153867
153869
153872
153874
153876
153892
153894
153896
153926
153946
153986
154237
154238
154267
154268
154269
154273
154276
154283
154286
154289
154296
154298
154327
154328
154329
154367
154368
154372
154376
154378
154382
154386
154387
154389
154723
154726
154729
154732
154736
154738
154762
154763
154768
154769
154783
154786
154823
154826
154829
154832
154836
154837
154862
154863
154867
154869
154873
154876
154892
154896
154923
154926
154927
154928
154962
154967
154968
154982
154983
154986
156237
156238
156239
156247
156248
156249
156273
156274
156278
156283
156284
156287
156289
156293
156294
156298
156327
156328
156329
156347
156348
156349
156372
156374
156378
156382
156384
156387
156389
156723
156724
156728
156729
156732
156734
156738
156739
156742
156743
156748
156749
156782
156783
156784
156823
156824
156827
156829
156832
156834
156837
156839
156842
156843
156847
156849
156872
156873
156874
156892
156893
156894
156923
156924
156927
156928
156942
156943
156947
156948
156982
156983
156984
157234
157236
157238
157243
157246
157249
157263
157264
157268
157269
157283
157286
157289
157294
157296
157298
157324
157326
157328
157329
157342
157346
157348
157349
157362
157364
157368
157382
157384
157386
157389
157423
157426
157429
157432
157436
157438
157462
157463
157468
157469
157483
157486
157489
157492
157496
157498
157623
157624
157628
157629
157632
157634
157638
157642
157643
157648
157649
157682
157683
157684
157689
157692
157694
157698
157823
157826
157829
157832
157834
157836
157843
157846
157849
157862
157863
157864
157869
157928
157948
157968
158324
158326
158327
158329
158342
158346
158347
158349
158362
158364
158367
158372
158374
158376
158379
158423
158426
158429
158432
158436
158437
158462
158463
158467
158469
158473
158476
158479
158492
158496
158497
158623
158624
158627
158629
158632
158634
158637
158642
158643
158647
158649
158672
158673
158674
158679
158692
158694
158697
158723
158726
158729
158732
158734
158736
158743
158746
158749
158762
158763
158764
158769
158923
158924
158926
158927
158942
158943
158946
158947
158962
158964
158967
159234
159236
159237
159238
159243
159246
159247
159248
159263
159264
159267
159268
159273
159274
159276
159278
159283
159284
159286
159287
159326
159346
159376
159386
159423
159426
159427
159428
159432
159436
159437
159438
159462
159463
159467
159468
159472
159473
159476
159478
159482
159483
159486
159487
159623
159624
159627
159628
159642
159643
159647
159648
159672
159673
159674
159678
159682
159683
159684
159687
159728
159738
159748
159768
159823
159824
159826
159827
159832
159834
159836
159837
159842
159843
159846
159847
159862
159863
159864
159867
351247
351248
351249
351267
351268
351269
351274
351276
351278
351284
351286
351287
351289
351294
351296
351298
351427
351428
351429
351467
351468
351469
351482
351486
351487
351489
351492
351496
351498
351627
351628
351629
351647
351648
351649
351672
351674
351678
351682
351684
351687
351689
351692
351694
351698
351724
351764
351784
351824
351826
351827
351829
351842
351846
351847
351849
351862
351864
351867
351869
351872
351874
351876
351892
351894
351896
351924
351926
351927
351928
351942
351946
351947
351948
351962
351964
351967
351968
351982
351984
351986
352148
352149
352167
352168
352169
352184
352186
352187
352189
352194
352196
352198
352418
352419
352467
352468
352469
352476
352478
352481
352486
352487
352489
352491
352496
352498
352618
352619
352647
352648
352649
352674
352678
352681
352684
352687
352691
352694
352746
352748
352749
352761
352764
352768
352769
352781
352784
352786
352914
352916
352918
352941
352946
352947
352948
352961
352964
352967
352981
352984
354127
354128
354129
354167
354168
354169
354182
354186
354187
354189
354192
354196
354198
354217
354218
354219
354267
354268
354269
354271
354276
354278
354281
354286
354287
354289
354291
354296
354298
354721
354726
354728
354729
354761
354762
354768
354769
354781
354782
354786
354812
354816
354817
354819
354821
354826
354827
354829
354861
354862
354867
354869
354871
354872
354876
354891
354892
354896
354912
354916
354917
354918
354921
354926
354927
354928
354961
354962
354967
354968
354981
354982
354986
356127
356128
356129
356148
356149
356182
356184
356187
356189
356192
356194
356198
356218
356219
356247
356248
356249
356274
356278
356281
356284
356287
356291
356294
356721
356724
356728
356729
356742
356748
356749
356781
356782
356784
356812
356814
356819
356821
356824
356827
356841
356842
356847
356849
356872
356874
356891
356894
356912
356914
356918
356921
356924
356927
356941
356942
356947
356948
356981
356984
357124
357164
357184
357194
357214
357216
357218
357219
357241
357246
357248
357249
357261
357264
357268
357269
357281
357284
357286
357289
357291
357294
357296
357298
357421
357426
357428
357429
357461
357462
357468
357469
357481
357482
357486
357489
357491
357492
357496
357498
357612
357614
357618
357619
357621
357624
357628
357629
357641
357642
357648
357649
357681
357682
357684
357689
357691
357692
357694
357698
357812
357814
357816
357819
357821
357824
357826
357829
357841
357842
357846
357849
357861
357862
357864
357869
357918
357928
357948
357968
358124
358126
358127
358129
358142
358146
358149
358162
358164
358167
358169
358192
358194
358196
358197
358412
358416
358419
358421
358426
358427
358429
358461
358462
358467
358469
358472
358476
358479
358491
358492
358496
358497
358612
358614
358619
358621
358624
358627
358641
358642
358647
358649
358672
358674
358679
358691
358694
358697
358721
358724
358726
358729
358742
358746
358749
358761
358762
358764
358769
358912
358914
358916
358921
358924
358927
358941
358942
358946
358947
358961
358964
358967
359124
359126
359127
359128
359142
359146
359148
359162
359164
359167
359168
359182
359184
359186
359187
359214
359216
359218
359241
359246
359247
359248
359261
359264
359267
359274
359276
359278
359281
359284
359287
359412
359416
359418
359421
359426
359427
359428
359461
359462
359467
359468
359472
359476
359478
359481
359482
359486
359487
359612
359614
359618
359621
359624
359627
359641
359642
359647
359648
359672
359674
359678
359681
359684
359687
359728
359748
359768
359812
359814
359816
359821
359824
359827
359841
359842
359846
359847
359861
359864
359867
512437
512438
512467
512468
512469
512473
512476
512483
512486
512489
512496
512498
512637
512638
512647
512648
512649
512673
512674
512678
512683
512684
512687
512689
512694
512698
512734
512736
512738
512743
512746
512749
512763
512764
512768
512769
512783
512786
512834
512836
512837
512843
512846
512849
512863
512864
512867
512869
512873
512876
512894
512896
512943
512946
512947
512948
512964
512967
512968
512983
512984
512986
513427
513428
513429
513472
513482
513492
513627
513628
513629
513672
513682
513724
513726
513728
513729
513742
513762
513782
513824
513826
513827
513829
513842
513862
513872
513892
513926
514237
514238
514267
514268
514269
514273
514276
514283
514286
514289
514296
514298
514327
514328
514329
514367
514368
514372
514376
514378
514382
514386
514387
514389
514627
514628
514629
514637
514638
514672
514673
514678
514682
514683
514687
514689
514692
514698
514823
514826
514829
514832
514836
514837
514862
514863
514867
514869
514873
514876
514892
514896
514923
514926
514927
514928
514962
514967
514968
514982
514983
514986
516237
516238
516239
516247
516248
516249
516273
516274
516278
516283
516284
516287
516289
516293
516294
516298
516327
516328
516329
516347
516348
516349
516372
516374
516378
516382
516384
516387
516389
516427
516428
516429
516437
516438
516439
516472
516473
516478
516482
516483
516487
516489
516492
516493
516498
516723
516724
516728
516729
516732
516734
516738
516739
516742
516743
516748
516749
516782
516783
516784
516823
516824
516827
516829
516832
516834
516837
516839
516842
516843
516847
516849
516872
516873
516874
516892
516893
516894
516923
516924
516927
516928
516942
516943
516947
516948
516982
516983
516984
517234
517243
517246
517249
517264
517294
517324
517342
517346
517348
517349
517364
517384
517624
517634
517642
517643
517648
517649
517684
517694
517834
517843
517846
517849
517864
517948
518234
518236
518237
518243
518246
518249
518263
518264
518267
518269
518273
518276
518279
518294
518296
518297
518324
518326
518327
518329
518342
518346
518347
518349
518362
518364
518367
518372
518374
518376
518379
518423
518426
518429
518432
518436
518437
518462
518463
518467
518469
518473
518476
518479
518492
518496
518497
518623
518624
518627
518629
518632
518634
518637
518642
518643
518647
518649
518672
518673
518674
518679
518692
518694
518697
518723
518726
518729
518732
518734
518736
518743
518746
518749
518762
518763
518764
518769
518923
518924
518926
518927
518942
518943
518946
518947
518962
518964
518967
519234
519236
519237
519238
519243
519246
519247
519248
519263
519264
519267
519268
519273
519274
519276
519278
519283
519284
519286
519287
519326
519346
519376
519386
519423
519426
519427
519428
519432
519436
519437
519438
519462
519463
519467
519468
519472
519473
519476
519478
519482
519483
519486
519487
519623
519624
519627
519628
519642
519643
519647
519648
519672
519673
519674
519678
519682
519683
519684
519687
519728
519738
519748
519768
519823
519824
519826
519827
519832
519834
519836
519837
519842
519843
519846
519847
519862
519863
519864
519867
531427
531428
531429
531482
531492
531627
531628
531629
531672
531682
531692
531724
531824
531826
531827
531829
531842
531862
531872
531892
531924
531926
531927
531928
531942
531962
531982
532418
532419
532467
532468
532469
532476
532478
532481
532486
532487
532489
532491
532496
532498
532618
532619
532647
532648
532649
532674
532678
532681
532684
532687
532691
532694
532746
532748
532749
532761
532764
532768
532769
532781
532784
532786
532814
532816
532819
532841
532846
532847
532849
532861
532864
532867
532874
532876
532891
532894
532914
532916
532918
532941
532946
532947
532948
532961
532964
532967
532981
532984
534127
534128
534129
534167
534168
534169
534182
534186
534187
534189
534192
534196
534198
534217
534218
534219
534267
534268
534269
534271
534276
534278
534281
534286
534287
534289
534291
534296
534298
534617
534618
534619
534627
534628
534629
534671
534672
534678
534681
534682
534687
534689
534691
534692
534698
534721
534726
534728
534729
534761
534762
534768
534769
534781
534782
534786
534812
534816
534817
534819
534821
534826
534827
534829
534861
534862
534867
534869
534871
534872
534876
534891
534892
534896
534912
534916
534917
534918
534921
534926
534927
534928
534961
534962
534967
534968
534981
534982
534986
536127
536128
536129
536148
536149
536182
536184
536187
536189
536192
536194
536198
536218
536219
536247
536248
536249
536274
536278
536281
536284
536287
536291
536294
536418
536419
536427
536428
536429
536472
536478
536481
536482
536487
536489
536491
536492
536498
536721
536724
536728
536729
536742
536748
536749
536781
536782
536784
536812
536814
536819
536821
536824
536827
536841
536842
536847
536849
536872
536874
536891
536894
537124
537164
537184
537194
537214
537216
537218
537219
537241
537246
537248
537249
537261
537264
537268
537269
537281
537284
537286
537289
537291
537294
537296
537298
537421
537426
537428
537429
537461
537462
537468
537469
537481
537482
537486
537489
537491
537492
537496
537498
537612
537614
537618
537619
537621
537624
537628
537629
537641
537642
537648
537649
537681
537682
537684
537689
537691
537692
537694
537698
537812
537814
537816
537819
537821
537824
537826
537829
537841
537842
537846
537849
537861
537862
537864
537869
537918
537928
537948
537968
538124
538126
538127
538129
538142
538146
538149
538162
538164
538167
538169
538192
538194
538196
538197
538214
538216
538219
538241
538246
538247
538249
538261
538264
538267
538274
538276
538279
538291
538294
538297
538412
538416
538419
538421
538426
538427
538429
538461
538462
538467
538469
538472
538476
538479
538491
538492
538496
538497
538612
538614
538619
538621
538624
538627
538641
538642
538647
538649
538672
538674
538679
538691
538694
538697
538721
538724
538726
538729
538742
538746
538749
538761
538762
538764
538769
538912
538914
538916
538921
538924
538927
538941
538942
538946
538947
538961
538964
538967
539126
539146
539162
539164
539167
539168
539186
539216
539246
539261
539264
539267
539276
539416
539426
539461
539462
539467
539468
539476
539486
539768
539816
539846
539861
539864
539867
571243
571246
571249
571264
571294
571342
571624
571634
571642
571643
571648
571649
571684
571694
571834
571843
571846
571849
571864
571894
571924
571942
571943
571946
571948
571964
571984
572143
572146
572149
572163
572164
572168
572169
572183
572186
572189
572194
572196
572198
572341
572346
572348
572349
572361
572364
572368
572381
572384
572386
572389
572413
572416
572419
572431
572436
572438
572461
572463
572468
572469
572483
572486
572489
572491
572496
572498
572613
572614
572618
572619
572631
572634
572638
572641
572643
572648
572649
572681
572683
572684
572689
572691
572694
572698
572813
572816
572819
572831
572834
572836
572843
572846
572849
572861
572863
572864
572869
572891
572894
572896
572913
572914
572916
572918
572941
572943
572946
572948
572961
572964
572968
572981
572983
572984
572986
573142
573162
573182
573192
573241
573246
573248
573249
573261
573264
573268
573269
573281
573284
573286
573289
573291
573294
573296
573298
573412
573416
573418
573419
573421
573426
573428
573429
573461
573462
573468
573469
573481
573482
573486
573489
573491
573492
573496
573498
573612
573614
573618
573619
573621
573624
573628
573629
573641
573642
573648
573649
573681
573682
573684
573689
573812
573814
573816
573819
573821
573824
573826
573829
573841
573842
573846
573849
573861
573862
573864
573869
573891
573892
573894
573896
573916
573926
573946
573986
574216
574219
574236
574238
574261
574263
574268
574269
574283
574286
574289
574291
574296
574298
574326
574328
574329
574361
574362
574368
574381
574382
574386
574389
574612
574618
574619
574621
574623
574628
574629
574632
574638
574681
574682
574683
574691
574692
574816
574819
574823
574826
574829
574832
574836
574861
574862
574863
574891
574892
574912
574916
574918
574921
574923
574926
574928
574961
574962
574981
574982
574983
576124
576128
576129
576142
576143
576148
576149
576182
576183
576184
576189
576192
576193
576194
576198
576214
576218
576219
576234
576238
576239
576241
576243
576248
576249
576281
576283
576284
576289
576291
576293
576294
576298
576324
576328
576329
576341
576342
576348
576349
576381
576382
576384
576389
576412
576418
576419
576421
576423
576428
576429
576432
576438
576439
576481
576482
576483
576491
576492
576493
576812
576814
576819
576821
576823
576824
576829
576832
576834
576839
576841
576842
576843
576891
576892
576893
576912
576914
576918
576921
576923
576924
576928
576941
576942
576943
576981
576982
576983
578126
578129
578143
578146
578149
578162
578163
578164
578169
578192
578194
578196
578216
578219
578234
578236
578243
578246
578249
578261
578263
578264
578269
578291
578294
578296
578324
578326
578329
578341
578342
578346
578349
578361
578362
578364
578416
578419
578423
578426
578429
578432
578436
578461
578462
578463
578491
578492
578612
578614
578619
578621
578623
578624
578629
578632
578634
578641
578642
578643
578691
578692
579128
579148
579168
579182
579183
579184
579186
579218
579238
579248
579268
579281
579283
579284
579286
579386
579418
579428
579438
579481
579482
579483
579618
579628
579681
579682
579683
591243
591246
591247
591248
591263
591264
591267
591268
591273
591274
591276
591278
591283
591284
591286
591287
591342
591362
591372
591382
591423
591426
591427
591428
591432
591436
591437
591438
591462
591463
591467
591468
591482
591483
591486
591487
591623
591624
591627
591628
591632
591634
591637
591638
591642
591643
591647
591648
591672
591673
591674
591678
591682
591683
591684
591687
591724
591734
591764
591784
591823
591824
591826
591827
591832
591834
591836
591837
591842
591843
591846
591847
591862
591863
591864
591867
591872
591873
591874
591876
592143
592146
592148
592163
592164
592167
592168
592183
592184
592186
592187
592341
592346
592347
592348
592361
592364
592367
592374
592376
592378
592381
592384
592387
592413
592416
592418
592431
592436
592437
592438
592461
592463
592467
592468
592473
592476
592478
592481
592483
592486
592487
592613
592614
592618
592631
592634
592637
592641
592643
592647
592648
592673
592674
592678
592681
592684
592687
592731
592734
592736
592738
592743
592746
592748
592761
592763
592764
592768
592781
592783
592784
592786
592813
592814
592816
592831
592834
592837
592841
592843
592846
592847
592861
592864
592867
592873
592874
592876
593162
593246
593261
593264
593267
593276
593416
593426
593461
593462
593467
593468
593476
593486
593726
593746
593761
593762
593764
593768
593786
593816
593846
593861
593864
593867
593876
594126
594127
594128
594162
594163
594167
594168
594182
594183
594186
594187
594216
594217
594218
594236
594237
594238
594261
594263
594267
594268
594271
594273
594276
594278
594281
594283
594286
594287
594326
594327
594328
594361
594362
594367
594368
594371
594372
594376
594378
594381
594382
594386
594387
594612
594617
594618
594621
594623
594627
594628
594632
594637
594638
594671
594672
594673
594681
594682
594683
594721
594723
594726
594728
594732
594736
594738
594761
594762
594763
594781
594782
594783
594812
594816
594817
594821
594823
594826
594827
594832
594836
594837
594861
594862
594863
594871
594872
594873
596124
596127
596128
596142
596143
596148
596182
596183
596184
596187
596214
596218
596234
596237
596241
596243
596247
596248
596273
596274
596278
596281
596284
596287
596412
596418
596421
596423
596427
596428
596432
596437
596438
596472
596473
596481
596482
596483
596721
596723
596724
596728
596732
596734
596738
596742
596743
596781
596782
596783
596812
596814
596821
596824
596827
596834
596837
596841
596842
596843
596872
596873
597184
597218
597238
597248
597268
597281
597283
597284
597286
597328
597348
597368
597381
597382
597384
597386
597428
597438
597481
597482
597483
597618
597628
597638
597681
597682
597683
598124
598126
598127
598142
598143
598146
598162
598163
598164
598167
598214
598216
598234
598237
598241
598243
598246
598247
598261
598264
598267
598273
598274
598276
598324
598327
598341
598342
598346
598347
598361
598364
598367
598372
598374
598376
598412
598416
598421
598423
598426
598427
598432
598436
598437
598461
598462
598463
598472
598473
598612
598614
598621
598624
598627
598634
598637
598641
598642
598643
598672
598673
751243
751246
751249
751263
751264
751268
751269
751283
751286
751289
751294
751296
751298
751342
751362
751382
751423
751426
751429
751432
751436
751438
751462
751463
751468
751469
751483
751486
751489
751492
751496
751498
751623
751624
751628
751629
751632
751634
751638
751642
751643
751648
751649
751682
751683
751684
751689
751692
751694
751698
751823
751826
751829
751832
751834
751836
751843
751846
751849
751862
751863
751864
751869
751892
751894
751896
751923
751924
751926
751928
751942
751943
751946
751948
751962
751964
751968
751982
751983
751984
751986
752143
752146
752149
752163
752164
752168
752169
752183
752186
752189
752194
752196
752198
752341
752346
752348
752349
752361
752364
752368
752381
752384
752386
752389
752413
752416
752419
752431
752436
752438
752461
752463
752468
752469
752483
752486
752489
752491
752496
752498
752613
752614
752618
752619
752631
752634
752638
752641
752643
752648
752649
752681
752683
752684
752689
752691
752694
752698
752913
752914
752916
752918
752941
752943
752946
752948
752961
752964
752968
752981
752983
752984
752986
753142
753162
753182
753192
753241
753246
753248
753249
753261
753264
753268
753269
753281
753284
753286
753289
753291
753294
753296
753298
753412
753416
753418
753419
753421
753426
753428
753429
753461
753462
753468
753469
753481
753482
753486
753489
753491
753492
753496
753498
753612
753614
753618
753619
753621
753624
753628
753629
753641
753642
753648
753649
753681
753682
753684
753689
753812
753814
753816
753819
753821
753824
753826
753829
753841
753842
753846
753849
753861
753862
753864
753869
753891
753892
753894
753896
753916
753926
753946
753986
754126
754129
754162
754163
754168
754169
754183
754186
754189
754192
754196
754198
754216
754219
754236
754238
754261
754263
754268
754269
754283
754286
754289
754291
754296
754298
754326
754328
754329
754361
754362
754368
754381
754382
754386
754389
754816
754819
754823
754826
754829
754832
754836
754861
754862
754863
754891
754892
754912
754916
754918
754921
754923
754926
754928
754961
754962
754981
754982
754983
756124
756128
756129
756142
756143
756148
756149
756182
756183
756184
756189
756192
756193
756194
756198
756214
756218
756219
756234
756238
756239
756241
756243
756248
756249
756281
756283
756284
756289
756291
756293
756294
756298
756324
756328
756329
756341
756342
756348
756349
756381
756382
756384
756389
756812
756814
756819
756821
756823
756824
756829
756832
756834
756839
756841
756842
756843
756891
756892
756893
756912
756914
756918
756921
756923
756924
756928
756941
756942
756943
756981
756982
756983
758126
758129
758143
758146
758149
758162
758163
758164
758169
758192
758194
758196
758324
758326
758329
758341
758342
758346
758349
758361
758362
758364
758416
758419
758423
758426
758429
758432
758436
758461
758462
758463
758491
758492
758612
758614
758619
758621
758623
758624
758629
758632
758634
758641
758642
758643
758691
758692
758912
758914
758916
758921
758923
758924
758926
758941
758942
758943
758961
758962
759124
759126
759128
759142
759143
759146
759148
759162
759163
759164
759168
759182
759183
759184
759186
759214
759216
759218
759234
759236
759238
759241
759243
759246
759248
759261
759263
759264
759268
759281
759283
759284
759286
759326
759346
759386
759412
759416
759418
759421
759423
759426
759428
759432
759436
759438
759461
759462
759463
759481
759482
759483
759612
759614
759618
759621
759623
759624
759628
759641
759642
759643
759681
759682
759683
759812
759814
759816
759821
759823
759824
759826
759832
759834
759836
759841
759842
759843
759861
759862
759863
951243
951246
951247
951248
951263
951264
951267
951268
951273
951274
951276
951278
951283
951284
951286
951287
951342
951362
951372
951382
951423
951426
951427
951428
951432
951436
951437
951438
951462
951463
951467
951468
951482
951483
951486
951487
951623
951624
951627
951628
951632
951634
951637
951638
951642
951643
951647
951648
951672
951673
951674
951678
951682
951683
951684
951687
951724
951734
951764
951784
951823
951824
951826
951827
951832
951834
951836
951837
951842
951843
951846
951847
951862
951863
951864
951867
951872
951873
951874
951876
952143
952146
952148
952163
952164
952167
952168
952183
952184
952186
952187
952341
952346
952347
952348
952361
952364
952367
952374
952376
952378
952381
952384
952387
952413
952416
952418
952431
952436
952437
952438
952461
952463
952467
952468
952473
952476
952478
952481
952483
952486
952487
952613
952614
952618
952631
952634
952637
952641
952643
952647
952648
952673
952674
952678
952681
952684
952687
952731
952734
952736
952738
952743
952746
952748
952761
952763
952764
952768
952781
952783
952784
952786
953142
953162
953182
953241
953246
953247
953248
953261
953264
953267
953274
953276
953278
953281
953284
953287
953412
953416
953418
953421
953426
953427
953428
953461
953462
953467
953468
953472
953476
953478
953481
953482
953486
953487
953612
953614
953618
953621
953624
953627
953641
953642
953647
953648
953672
953674
953678
953681
953684
953687
953721
953724
953726
953728
953742
953746
953748
953761
953762
953764
953768
953781
953782
953784
953786
953812
953814
953816
953821
953824
953827
953841
953842
953846
953847
953861
953864
953867
953872
953874
953876
954126
954127
954128
954162
954163
954167
954168
954182
954183
954186
954187
954216
954217
954218
954236
954237
954238
954261
954263
954267
954268
954271
954273
954276
954278
954281
954283
954286
954287
954326
954327
954328
954361
954362
954367
954368
954371
954372
954376
954378
954381
954382
954386
954387
954721
954723
954726
954728
954732
954736
954738
954761
954762
954763
954781
954782
954783
954812
954816
954817
954821
954823
954826
954827
954832
954836
954837
954861
954862
954863
954871
954872
954873
956124
956127
956128
956142
956143
956148
956182
956183
956184
956187
956214
956218
956234
956237
956241
956243
956247
956248
956273
956274
956278
956281
956284
956287
956324
956327
956341
956342
956347
956348
956372
956374
956378
956381
956384
956387
956721
956723
956724
956728
956732
956734
956738
956742
956743
956781
956782
956783
956812
956814
956821
956824
956827
956834
956837
956841
956842
956843
956872
956873
957124
957164
957184
957214
957216
957218
957234
957236
957238
957241
957243
957246
957248
957261
957263
957264
957268
957281
957283
957284
957286
957324
957326
957328
957341
957342
957346
957348
957361
957362
957364
957368
957381
957382
957384
957386
957421
957423
957426
957428
957432
957436
957438
957461
957462
957463
957481
957482
957483
957612
957614
957618
957621
957623
957624
957628
957632
957634
957638
957641
957642
957643
957681
957682
957683
957812
957814
957816
957821
957823
957824
957826
957832
957834
957836
957841
957842
957843
957861
957862
957863
958124
958126
958127
958142
958143
958146
958162
958163
958164
958167
958324
958327
958341
958342
958346
958347
958361
958364
958367
958372
958374
958376
958412
958416
958421
958423
958426
958427
958432
958436
958437
958461
958462
958463
958472
958473
958612
958614
958621
958624
958627
958634
958637
958641
958642
958643
958672
958673
958721
958723
958724
958726
958732
958734
958736
958742
958743
958761
958762
958763
